ID	N_HMXB	N_HMXB_err	N_OB	N_OB_err	SF	SF_low	SF_high			
DF03		5	2.2	687	        26.2		3.9 -0.8 +1.0	
DF04		4	2.0	250	        15.8	3.2 -0.6 +1.1	
DF05		5	2.2	1631	40.4	14.5 -3.0 +3.8	
DF06		11	3.3	3003	54.8	16.0 -4.1 +5.8	
DF07		11	3.3	3138	56.0		18.3 -8.3 +7.3	
DF08		24	4.9	3981	63.1	17.8 -2.4 +3.1	
DF09		7	2.6	1957	44.2		9.4 -2.1 +3.4	
DF11		16	4.0	2466	49.7	16.3 -4.9 +7.4	
DF01_A		18	4.2	2551	50.5		12.8 -1.6 +2.0	
DF02_A		26	5.1	3111	55.8	    12.8 -4.6 +6.0	
NGC_346		5	2.2	2190	46.8	11.2 -2.1 +2.9	
DF10		2	1.4	790	        28.1	 7.2 -2.2 +3.4	
